0.99999988079071044922 0.90985733270645141602 0.74607545137405395508 0.60142695903778076172 0.52641558647155761719 0.47617825865745544434 0.42401131987571716309 0.34354490041732788086 0.26395750045776367188 0.18153737485408782959 0.09676683694124221802 0.00054213963449001312 -0.09012441337108612061 -0.16882038116455078125 -0.22212034463882446289 -0.25956809520721435547 -0.28743907809257507324 -0.31540641188621520996 -0.34092795848846435547 -0.36011478304862976074 -0.36837106943130493164 -0.36757951974868774414 -0.36172243952751159668 -0.36043313145637512207 -0.36120697855949401855 
0.99999994039535522461 0.86756658554077148438 0.65205222368240356445 0.53139579296112060547 0.48715919256210327148 0.41995680332183837891 0.34060990810394287109 0.26308673620223999023 0.18949297070503234863 0.09900406748056411743 0.01171302422881126404 -0.06160668283700942993 -0.10586173832416534424 -0.13799366354942321777 -0.18136067688465118408 -0.24380253255367279053 -0.29434439539909362793 -0.31679987907409667969 -0.31219902634620666504 -0.29780709743499755859 -0.28472506999969482422 -0.27484387159347534180 -0.27269232273101806641 -0.28770205378532409668 -0.30072543025016784668 
1.00000011920928955078 0.84735977649688720703 0.61527162790298461914 0.50287944078445434570 0.45069789886474609375 0.39951676130294799805 0.36104807257652282715 0.27345952391624450684 0.14271745085716247559 0.03119677864015102386 -0.03392817825078964233 -0.07702480256557464600 -0.11315676569938659668 -0.16335338354110717773 -0.21779328584671020508 -0.25951230525970458984 -0.27993375062942504883 -0.28784102201461791992 -0.28821292519569396973 -0.28103959560394287109 -0.26384708285331726074 -0.24360208213329315186 -0.22916717827320098877 -0.23041684925556182861 -0.23583164811134338379 
1.00000000000000000000 0.87936395406723022461 0.67661273479461669922 0.55281561613082885742 0.50556403398513793945 0.45247820019721984863 0.37898734211921691895 0.27706557512283325195 0.16267794370651245117 0.05245837196707725525 -0.03035278618335723877 -0.09943821281194686890 -0.15447077155113220215 -0.19996544718742370605 -0.24427172541618347168 -0.29119768738746643066 -0.32309973239898681641 -0.34024804830551147461 -0.34642377495765686035 -0.34011018276214599609 -0.32020053267478942871 -0.29952067136764526367 -0.28980383276939392090 -0.29657977819442749023 -0.30588772892951965332 
1.00000000000000000000 0.85453152656555175781 0.62301546335220336914 0.50469046831130981445 0.46356382966041564941 0.41169828176498413086 0.35195496678352355957 0.26536783576011657715 0.15277586877346038818 0.03957952186465263367 -0.05131170153617858887 -0.13082230091094970703 -0.18129852414131164551 -0.19733753800392150879 -0.21200664341449737549 -0.26092329621315002441 -0.31677794456481933594 -0.33583024144172668457 -0.31404465436935424805 -0.28684669733047485352 -0.27573245763778686523 -0.26743006706237792969 -0.24878714978694915771 -0.23100247979164123535 -0.22173033654689788818 
1.00000011920928955078 0.50763684511184692383 -0.20009449124336242676 -0.49884727597236633301 -0.28094252943992614746 0.08089655637741088867 0.25491267442703247070 0.09653006494045257568 -0.14803175628185272217 -0.31442758440971374512 -0.26693028211593627930 -0.07095208764076232910 0.16984826326370239258 0.28865942358970642090 0.21411745250225067139 0.00747431814670562744 -0.08633971214294433594 -0.02447212114930152893 0.03428814560174942017 0.04074821621179580688 0.04637615382671356201 0.01717017590999603271 -0.11447650194168090820 -0.24829359352588653564 -0.22374862432479858398 
1.00000011920928955078 0.45694237947463989258 -0.27936109900474548340 -0.45686525106430053711 -0.12695264816284179688 0.14992398023605346680 0.11597482860088348389 -0.05775711312890052795 -0.11383746564388275146 -0.16676953434944152832 -0.20398531854152679443 -0.10470259189605712891 0.13904164731502532959 0.25531631708145141602 0.14553269743919372559 -0.03713506832718849182 -0.02699139155447483063 0.09733232855796813965 0.08780561387538909912 -0.05392564833164215088 -0.10998282581567764282 -0.02235623076558113098 0.01718892902135848999 -0.10031424462795257568 -0.21975360810756683350 
1.00000011920928955078 0.46846571564674377441 -0.25350955128669738770 -0.46751886606216430664 -0.19066458940505981445 0.08643732964992523193 0.13083454966545104980 -0.00390989892184734344 -0.11714734882116317749 -0.21561823785305023193 -0.23749366402626037598 -0.09999597072601318359 0.17448863387107849121 0.30078542232513427734 0.17774359881877899170 -0.04744103923439979553 -0.05893542617559432983 0.08455836772918701172 0.12663134932518005371 -0.01401374861598014832 -0.12573890388011932373 -0.08755307644605636597 -0.02768892236053943634 -0.09189264476299285889 -0.18305212259292602539 
1.00000000000000000000 0.43174898624420166016 -0.28747597336769104004 -0.46553087234497070312 -0.19318895041942596436 0.14022156596183776855 0.20394603908061981201 0.05746363848447799683 -0.12238759547472000122 -0.19937914609909057617 -0.16899915039539337158 -0.06736134737730026245 0.10983961820602416992 0.19032892584800720215 0.10870096087455749512 -0.04438843578100204468 -0.01823809742927551270 0.07465046644210815430 0.03508486971259117126 -0.05564073100686073303 -0.05044123157858848572 0.02819116413593292236 0.02555932849645614624 -0.08472168445587158203 -0.16676278412342071533 
1.00000023841857910156 0.44193962216377258301 -0.26056316494941711426 -0.43574362993240356445 -0.23038190603256225586 0.08228182047605514526 0.21424648165702819824 0.07637438178062438965 -0.08315899223089218140 -0.17295031249523162842 -0.18120966851711273193 -0.07039067149162292480 0.07250624895095825195 0.12405341863632202148 0.10299045592546463013 0.03301603347063064575 0.01917028054594993591 0.01440365519374608994 -0.03960600495338439941 -0.05187698453664779663 0.02949665486812591553 0.07487916946411132812 -0.00521741993725299835 -0.11975906044244766235 -0.14861118793487548828 
0.99999964237213134766 0.38921427726745605469 -0.35419189929962158203 -0.31638416647911071777 -0.12994949519634246826 -0.20258264243602752686 -0.20763528347015380859 -0.03443263471126556396 0.21480132639408111572 0.31402653455734252930 0.16505530476570129395 -0.05496525019407272339 -0.15403349697589874268 -0.15404869616031646729 -0.13337913155555725098 -0.13723146915435791016 -0.06838387995958328247 0.13810735940933227539 0.30222809314727783203 0.21651789546012878418 -0.00678202509880065918 -0.10191701352596282959 -0.06187569350004196167 -0.08567686378955841064 -0.17010851204395294189 
1.00000000000000000000 0.50064593553543090820 -0.23285879194736480713 -0.42955002188682556152 -0.27476122975349426270 -0.22394853830337524414 -0.15658181905746459961 0.04642071574926376343 0.25247585773468017578 0.24297212064266204834 0.08026168495416641235 -0.10029071569442749023 -0.18229250609874725342 -0.16227325797080993652 -0.08641325682401657104 -0.03779111802577972412 0.02259724773466587067 0.12188416719436645508 0.20296026766300201416 0.17906561493873596191 0.07697743177413940430 -0.02170127630233764648 -0.09552950412034988403 -0.17723076045513153076 -0.21932955086231231689 
0.99999994039535522461 0.51117205619812011719 -0.23002068698406219482 -0.43653193116188049316 -0.27927234768867492676 -0.19255319237709045410 -0.11021153628826141357 0.05859187245368957520 0.19342073798179626465 0.17144294083118438721 0.07180904597043991089 -0.03373606130480766296 -0.11946852505207061768 -0.17543575167655944824 -0.17510423064231872559 -0.14039900898933410645 -0.03674535453319549561 0.15488815307617187500 0.30824765563011169434 0.25523239374160766602 0.05198032036423683167 -0.09159007668495178223 -0.11950585246086120605 -0.13910573720932006836 -0.16356064379215240479 
1.00000000000000000000 0.51964008808135986328 -0.19532947242259979248 -0.42254671454429626465 -0.31878387928009033203 -0.24740982055664062500 -0.11683572083711624146 0.06424037367105484009 0.18760611116886138916 0.18669676780700683594 0.11398393660783767700 -0.00482436455786228180 -0.11646073311567306519 -0.19751563668251037598 -0.20403683185577392578 -0.14207199215888977051 -0.00575695931911468506 0.18566595017910003662 0.32570368051528930664 0.26613724231719970703 0.04532399773597717285 -0.12126977741718292236 -0.14579750597476959229 -0.14351497590541839600 -0.15911448001861572266 
0.99999982118606567383 0.57980793714523315430 -0.12299697101116180420 -0.48057937622070312500 -0.41923713684082031250 -0.29274752736091613770 -0.13726112246513366699 0.07041096687316894531 0.26730954647064208984 0.28267678618431091309 0.14610506594181060791 -0.04611031711101531982 -0.18053534626960754395 -0.24774059653282165527 -0.23436209559440612793 -0.15998393297195434570 -0.00434370059520006180 0.20406910777091979980 0.34586507081985473633 0.27922123670578002930 0.06287807971239089966 -0.10189400613307952881 -0.15302166342735290527 -0.18924987316131591797 -0.21276047825813293457 
1.00000011920928955078 0.78606748580932617188 0.38619166612625122070 -0.02824318408966064453 -0.33749666810035705566 -0.45565870404243469238 -0.42946651577949523926 -0.31876003742218017578 -0.19351576268672943115 -0.15794484317302703857 -0.23560568690299987793 -0.33197084069252014160 -0.29946452379226684570 -0.12695471942424774170 0.13417753577232360840 0.37274330854415893555 0.51912140846252441406 0.55011963844299316406 0.44584706425666809082 0.22697451710700988770 -0.01048052310943603516 -0.16504377126693725586 -0.21996980905532836914 -0.22007289528846740723 -0.20708270370960235596 
0.99999982118606567383 0.76292943954467773438 0.31508380174636840820 -0.11051285266876220703 -0.39249816536903381348 -0.45680946111679077148 -0.37161698937416076660 -0.21510449051856994629 -0.06584514677524566650 -0.05794271081686019897 -0.19261209666728973389 -0.34097588062286376953 -0.34867265820503234863 -0.16599965095520019531 0.11660484969615936279 0.35442051291465759277 0.48764261603355407715 0.49575734138488769531 0.37258642911911010742 0.15310658514499664307 -0.05915183573961257935 -0.15341120958328247070 -0.14110742509365081787 -0.10923334956169128418 -0.10431339591741561890 
1.00000000000000000000 0.76511323451995849609 0.36787396669387817383 -0.02817182242870330811 -0.34030628204345703125 -0.44500240683555603027 -0.43578553199768066406 -0.33923426270484924316 -0.17784674465656280518 -0.11651704460382461548 -0.19096909463405609131 -0.29456564784049987793 -0.28822910785675048828 -0.14684352278709411621 0.08305604755878448486 0.30466732382774353027 0.47124946117401123047 0.54562926292419433594 0.49317395687103271484 0.29846897721290588379 0.03702879697084426880 -0.14823585748672485352 -0.24020420014858245850 -0.27675360441207885742 -0.26622629165649414062 
0.99999994039535522461 0.78177499771118164062 0.43216508626937866211 0.08411352336406707764 -0.22655177116394042969 -0.40700766444206237793 -0.50619512796401977539 -0.50816059112548828125 -0.38118907809257507324 -0.25354966521263122559 -0.21855925023555755615 -0.23141655325889587402 -0.18008732795715332031 -0.06295724958181381226 0.10334867238998413086 0.26388573646545410156 0.41044804453849792480 0.52718526124954223633 0.54500716924667358398 0.40233653783798217773 0.14417710900306701660 -0.08932882547378540039 -0.24535253643989562988 -0.34528684616088867188 -0.37045884132385253906 
0.99999994039535522461 0.78286862373352050781 0.40220975875854492188 0.01267207134515047073 -0.30048492550849914551 -0.44108602404594421387 -0.44720423221588134766 -0.37576845288276672363 -0.24741515517234802246 -0.18184906244277954102 -0.23832836747169494629 -0.31787273287773132324 -0.27978950738906860352 -0.12575788795948028564 0.10844344645738601685 0.33983427286148071289 0.49530059099197387695 0.56931120157241821289 0.51389825344085693359 0.30651018023490905762 0.04870846867561340332 -0.14669008553028106689 -0.24839974939823150635 -0.28222107887268066406 -0.27910637855529785156 
0.99999988079071044922 -0.66394656896591186523 0.14751751720905303955 0.20177818834781646729 -0.27655652165412902832 0.19131991267204284668 -0.08132843673229217529 0.11374343931674957275 -0.12247589230537414551 0.11259809136390686035 -0.07066856324672698975 0.00164939370006322861 0.06419123709201812744 -0.10143811255693435669 0.12820675969123840332 -0.10914508998394012451 0.04508524388074874878 -0.00552879832684993744 -0.03623722121119499207 0.05931076779961585999 -0.08262899518013000488 0.09860905259847640991 -0.09944389015436172485 0.04500216618180274963 -0.00411685183644294739 
1.00000000000000000000 -0.66605466604232788086 0.13851921260356903076 0.17958278954029083252 -0.20407795906066894531 0.14096586406230926514 -0.10478188842535018921 0.15306229889392852783 -0.13431659340858459473 0.08688867092132568359 -0.05184822157025337219 0.05019252374768257141 -0.03935493156313896179 0.00048630544915795326 0.05701814219355583191 -0.07761577516794204712 0.05573238059878349304 -0.03794882073998451233 0.00022351462393999100 0.04533971101045608521 -0.07934738695621490479 0.07425073534250259399 -0.05187488347291946411 0.00569582823663949966 0.00634904205799102783 
0.99999988079071044922 -0.67057460546493530273 0.14375856518745422363 0.19653360545635223389 -0.22154146432876586914 0.13196538388729095459 -0.04932079836726188660 0.05757516622543334961 -0.06851755082607269287 0.12004038691520690918 -0.16388715803623199463 0.14343273639678955078 -0.05810825154185295105 -0.01382528990507125854 0.03688269108533859253 -0.04040255025029182434 0.04319944232702255249 -0.03909003734588623047 0.01001327950507402420 0.02007471770048141479 -0.04422233253717422485 0.02344137988984584808 -0.00870101060718297958 -0.00019382731989026070 -0.00633225357159972191 
0.99999994039535522461 -0.66420441865921020508 0.13587920367717742920 0.20180626213550567627 -0.26154136657714843750 0.18938115239143371582 -0.08970455080270767212 0.09715428203344345093 -0.11997380852699279785 0.13556475937366485596 -0.11097364127635955811 0.06940711289644241333 0.01547510921955108643 -0.09668004512786865234 0.13534852862358093262 -0.11204073578119277954 0.02832680195569992065 0.04376893863081932068 -0.06414710730314254761 0.05273834988474845886 -0.05713896080851554871 0.03998100385069847107 -0.02294547297060489655 0.00803096964955329895 -0.01237525045871734619 
1.00000000000000000000 -0.64502042531967163086 0.08113289624452590942 0.26307991147041320801 -0.26991105079650878906 0.15212273597717285156 -0.03901882842183113098 0.01939561218023300171 -0.01668819226324558258 0.06763838976621627808 -0.11662589758634567261 0.12116245925426483154 -0.03977534547448158264 -0.05928220972418785095 0.11410557478666305542 -0.10121281445026397705 0.04806351289153099060 -0.00192226469516754150 -0.05938707664608955383 0.11052611470222473145 -0.11055802553892135620 0.05615850165486335754 -0.00575865013524889946 -0.03283908218145370483 0.00352347455918788910 
0.99999994039535522461 0.13659417629241943359 -0.47229814529418945312 -0.06128479167819023132 -0.01105945929884910583 0.03104831278324127197 0.31413903832435607910 0.11265751719474792480 -0.31431788206100463867 -0.30698296427726745605 -0.07469455152750015259 0.12539316713809967041 0.20321695506572723389 0.04755597189068794250 -0.15727593004703521729 -0.26280024647712707520 -0.08745052665472030640 0.26403367519378662109 0.30149930715560913086 -0.02567173726856708527 -0.19306762516498565674 -0.14212611317634582520 -0.06833113729953765869 0.18479099869728088379 0.31881839036941528320 
0.99999994039535522461 -0.15275916457176208496 -0.53413385152816772461 0.26369136571884155273 -0.06460143625736236572 -0.06234113126993179321 0.24010017514228820801 -0.01808982528746128082 -0.12588194012641906738 -0.04261362180113792419 -0.10105100274085998535 0.03797933459281921387 0.20100724697113037109 -0.03000625409185886383 -0.13505086302757263184 -0.01466311141848564148 -0.01960249990224838257 0.00986955594271421432 0.11103236675262451172 0.05212437361478805542 -0.07100015133619308472 -0.08956007659435272217 -0.05678293108940124512 0.08790991455316543579 0.17220503091812133789 
0.99999988079071044922 0.06766484677791595459 -0.54145365953445434570 0.02503786049783229828 0.09436611831188201904 -0.00914734322577714920 0.15774847567081451416 0.05782498791813850403 -0.18429924547672271729 -0.21828794479370117188 -0.09533080458641052246 0.13120865821838378906 0.17151601612567901611 -0.05729094892740249634 -0.12324379384517669678 -0.05668809264898300171 -0.06413602828979492188 0.03776174411177635193 0.24273912608623504639 0.16562700271606445312 -0.13432732224464416504 -0.24249151349067687988 -0.04652575775980949402 0.23276238143444061279 0.19010755419731140137 
1.00000011920928955078 -0.06433660537004470825 -0.54498672485351562500 0.13292670249938964844 -0.01992596313357353210 -0.00049361726269125938 0.25354877114295959473 0.02290333248674869537 -0.16456824541091918945 -0.15052556991577148438 -0.12983542680740356445 0.09204373508691787720 0.26360470056533813477 -0.01544377673417329788 -0.21211452782154083252 -0.08371364325284957886 -0.00771518424153327942 0.05395993217825889587 0.19396823644638061523 0.11051806807518005371 -0.13775025308132171631 -0.18527659773826599121 -0.02880369499325752258 0.18890154361724853516 0.20218329131603240967 
1.00000000000000000000 0.00638672010973095894 -0.59041655063629150391 0.03122754953801631927 0.03535200282931327820 0.00551134534180164337 0.27080655097961425781 0.07427262514829635620 -0.21723157167434692383 -0.24298308789730072021 -0.09292054921388626099 0.19484458863735198975 0.23002743721008300781 -0.04801755398511886597 -0.15643230080604553223 -0.10753642022609710693 -0.06352028995752334595 0.09419675171375274658 0.23727183043956756592 0.07020615786314010620 -0.15252548456192016602 -0.18372234702110290527 -0.08258825540542602539 0.19553032517433166504 0.27805569767951965332 
1.00000000000000000000 0.86760425567626953125 0.59274703264236450195 0.32291573286056518555 0.09320017695426940918 -0.12864688038825988770 -0.33642494678497314453 -0.48564383387565612793 -0.54967963695526123047 -0.54873663187026977539 -0.49555632472038269043 -0.40851917862892150879 -0.30565932393074035645 -0.19859330356121063232 -0.08190262317657470703 0.04138351976871490479 0.14693817496299743652 0.20623697340488433838 0.23133164644241333008 0.25120589137077331543 0.26948577165603637695 0.25872004032135009766 0.20089496672153472900 0.11034665256738662720 0.01771637052297592163 
0.99999988079071044922 0.87614917755126953125 0.61236751079559326172 0.33169507980346679688 0.07447190582752227783 -0.15944626927375793457 -0.35641172528266906738 -0.48782679438591003418 -0.53851842880249023438 -0.53289771080017089844 -0.48691529035568237305 -0.40739026665687561035 -0.30097898840904235840 -0.18601034581661224365 -0.07483971118927001953 0.03068414889276027679 0.13010480999946594238 0.20672571659088134766 0.25548520684242248535 0.27985969185829162598 0.27460187673568725586 0.23614272475242614746 0.17389383912086486816 0.09943935275077819824 0.01838317885994911194 
1.00000000000000000000 0.86513823270797729492 0.58255708217620849609 0.28243285417556762695 0.02807844243943691254 -0.16551236808300018311 -0.31230565905570983887 -0.40175864100456237793 -0.43168014287948608398 -0.42237710952758789062 -0.38450267910957336426 -0.34029701352119445801 -0.29227444529533386230 -0.22850915789604187012 -0.13728927075862884521 -0.03739320486783981323 0.05090449750423431396 0.11665534973144531250 0.16067546606063842773 0.19133585691452026367 0.20491370558738708496 0.19732342660427093506 0.16926985979080200195 0.12106595188379287720 0.06933242082595825195 
0.99999988079071044922 0.87023216485977172852 0.59828871488571166992 0.32689705491065979004 0.10867149382829666138 -0.09372038394212722778 -0.28940469026565551758 -0.44625648856163024902 -0.52463036775588989258 -0.54042148590087890625 -0.51582854986190795898 -0.46760427951812744141 -0.39140102267265319824 -0.28529405593872070312 -0.14502514898777008057 0.01126360148191452026 0.15456643700599670410 0.25275552272796630859 0.29849442839622497559 0.30361920595169067383 0.28462475538253784180 0.24814634025096893311 0.19414952397346496582 0.11673399060964584351 0.02377686277031898499 
1.00000000000000000000 0.84145724773406982422 0.53911441564559936523 0.25077298283576965332 0.01228332705795764923 -0.16772605478763580322 -0.31662124395370483398 -0.40867584943771362305 -0.40605992078781127930 -0.36310294270515441895 -0.32055845856666564941 -0.29096782207489013672 -0.26124554872512817383 -0.21397790312767028809 -0.14911977946758270264 -0.07551811635494232178 0.00319778919219970703 0.08174874633550643921 0.16098086535930633545 0.21686778962612152100 0.23170101642608642578 0.21227097511291503906 0.17100304365158081055 0.12185756862163543701 0.05980427563190460205 
0.99999976158142089844 0.43575650453567504883 -0.47971865534782409668 -0.81518995761871337891 -0.28522643446922302246 0.41069224476814270020 0.56856036186218261719 0.11572815477848052979 -0.33237087726593017578 -0.32709109783172607422 0.05995574593544006348 0.30361098051071166992 0.17238280177116394043 -0.16197560727596282959 -0.31310725212097167969 -0.17197093367576599121 0.14471395313739776611 0.34854400157928466797 0.24980047345161437988 -0.08162908256053924561 -0.35835403203964233398 -0.33627986907958984375 -0.00960612110793590546 0.33328968286514282227 0.37610834836959838867 
0.99999976158142089844 0.43984520435333251953 -0.45819839835166931152 -0.77867108583450317383 -0.34447681903839111328 0.30895280838012695312 0.51924538612365722656 0.20069497823715209961 -0.19462461769580841064 -0.28944760560989379883 -0.05240821465849876404 0.20294997096061706543 0.18452617526054382324 -0.07658613473176956177 -0.28310507535934448242 -0.20908190310001373291 0.13235422968864440918 0.38769236207008361816 0.26628035306930541992 -0.11667234450578689575 -0.40011647343635559082 -0.31366944313049316406 0.04208452254533767700 0.34375599026679992676 0.33216825127601623535 
0.99999988079071044922 0.43751066923141479492 -0.47421565651893615723 -0.80999910831451416016 -0.30649739503860473633 0.38163742423057556152 0.55857884883880615234 0.15747053921222686768 -0.28558316826820373535 -0.35152986645698547363 -0.01751790940761566162 0.28245741128921508789 0.25437316298484802246 -0.08064096421003341675 -0.34374037384986877441 -0.26383930444717407227 0.11482632160186767578 0.40486326813697814941 0.30058762431144714355 -0.10638305544853210449 -0.40665668249130249023 -0.32824194431304931641 0.03793373331427574158 0.36017709970474243164 0.34923535585403442383 
1.00000000000000000000 0.41557297110557556152 -0.51121681928634643555 -0.78667163848876953125 -0.26118880510330200195 0.40301090478897094727 0.53740543127059936523 0.12392653524875640869 -0.30383756756782531738 -0.33737665414810180664 0.00434900820255279541 0.29718425869941711426 0.24114979803562164307 -0.09629294276237487793 -0.33667540550231933594 -0.24472981691360473633 0.12187772989273071289 0.39684247970581054688 0.28319349884986877441 -0.10700697451829910278 -0.38429927825927734375 -0.30752688646316528320 0.02690530754625797272 0.33186620473861694336 0.33785486221313476562 
0.99999976158142089844 0.44167399406433105469 -0.46920806169509887695 -0.80491358041763305664 -0.32388690114021301270 0.34525415301322937012 0.54608505964279174805 0.19785039126873016357 -0.24568609893321990967 -0.34620764851570129395 -0.04673835262656211853 0.26476493477821350098 0.25873795151710510254 -0.07287485152482986450 -0.36035132408142089844 -0.28517419099807739258 0.13339298963546752930 0.45617964863777160645 0.32175669074058532715 -0.13126161694526672363 -0.44904801249504089355 -0.34671643376350402832 0.04706503078341484070 0.37251299619674682617 0.35712108016014099121 
1.00000000000000000000 -0.21162447333335876465 0.06526516377925872803 0.24674275517463684082 -0.34898844361305236816 0.04550035297870635986 0.04181818291544914246 -0.09269885718822479248 -0.01574065536260604858 0.18688140809535980225 -0.10969011485576629639 0.02875478006899356842 0.13631938397884368896 -0.25613382458686828613 0.21590349078178405762 -0.17219538986682891846 -0.13530458509922027588 0.18715819716453552246 -0.31402242183685302734 0.12939487397670745850 -0.05734029784798622131 -0.12455940991640090942 0.00428917258977890015 0.01960863918066024780 -0.07440900057554244995 
1.00000011920928955078 -0.00653689634054899216 0.05399957671761512756 0.15861649811267852783 -0.31825390458106994629 -0.03807577490806579590 -0.01087485346943140030 -0.08746524900197982788 -0.10133088380098342896 0.05796717852354049683 -0.05267002433538436890 0.03558355942368507385 0.16456118226051330566 -0.03177352249622344971 0.17273733019828796387 -0.02268587425351142883 -0.07115861773490905762 -0.04551699757575988770 -0.33381471037864685059 -0.03741351887583732605 -0.12038947641849517822 -0.04381381347775459290 0.08568407595157623291 0.07806313037872314453 -0.00847642309963703156 
1.00000011920928955078 0.02149383723735809326 0.09716925024986267090 0.25491407513618469238 -0.29813587665557861328 0.00847628340125083923 0.04748558253049850464 -0.12752398848533630371 -0.09524724632501602173 0.03216638043522834778 -0.17605409026145935059 -0.02017289027571678162 0.11595867574214935303 -0.16741649806499481201 0.18945692479610443115 -0.09646650403738021851 -0.11773444712162017822 0.14815670251846313477 -0.30747562646865844727 0.02798330038785934448 0.01725703477859497070 -0.11934816837310791016 0.07789495587348937988 0.05484101921319961548 -0.08730066567659378052 
1.00000000000000000000 -0.09005261957645416260 0.03389550372958183289 0.29406014084815979004 -0.22336690127849578857 0.02874042838811874390 0.12878617644309997559 0.00242288922891020775 -0.08221021294593811035 0.09339910000562667847 -0.12118188291788101196 -0.12370342016220092773 0.07564431428909301758 -0.14836919307708740234 0.05253104120492935181 -0.11379675567150115967 -0.02804748527705669403 0.08666278421878814697 -0.20459991693496704102 0.08333759754896163940 -0.07467750459909439087 -0.09533259272575378418 0.02021728269755840302 -0.01075918972492218018 -0.11794452369213104248 
1.00000011920928955078 -0.10714885592460632324 0.00355538004077970982 0.34503948688507080078 -0.20825684070587158203 0.07787244021892547607 0.17797446250915527344 -0.11870437860488891602 -0.08932392299175262451 0.08556981384754180908 -0.13684719800949096680 -0.00778083875775337219 0.09188444167375564575 -0.17336583137512207031 0.01460241992026567459 -0.11224825680255889893 -0.08013724535703659058 0.00685787573456764221 -0.19027404487133026123 0.03785203397274017334 -0.11213333159685134888 -0.07267858833074569702 0.00844753906130790710 -0.03088257834315299988 -0.01315297465771436691 
1.00000023841857910156 -0.49568653106689453125 -0.22807648777961730957 0.43533554673194885254 -0.28732442855834960938 0.09867882728576660156 -0.00188668724149465561 -0.02129499055445194244 0.01255919598042964935 -0.02439808845520019531 0.00335799390450119972 0.02551979385316371918 -0.00338337477296590805 -0.02582123875617980957 0.03272572904825210571 -0.03041009604930877686 0.03221839293837547302 0.00271396944299340248 -0.02722350135445594788 0.01956385560333728790 -0.02476484328508377075 0.02527180686593055725 -0.02384172566235065460 0.00198941398411989212 0.02747618593275547028 
0.99999982118606567383 -0.41611307859420776367 -0.37327027320861816406 0.47839289903640747070 -0.18754589557647705078 -0.05860431492328643799 0.12259166687726974487 -0.03699233382940292358 -0.07906004786491394043 0.08807723969221115112 -0.03085634671151638031 0.00896575860679149628 0.02860179170966148376 -0.12309798598289489746 0.13864752650260925293 -0.00106391101144254208 -0.13168343901634216309 0.10957857966423034668 0.01912582851946353912 -0.09130988270044326782 0.03947497159242630005 0.04499690234661102295 -0.05277477949857711792 0.02630297094583511353 0.00133877247571945190 
1.00000000000000000000 -0.40445029735565185547 -0.34697502851486206055 0.44512498378753662109 -0.23233850300312042236 0.01373030710965394974 0.05959515646100044250 -0.05780665948987007141 0.06183956563472747803 0.00871152617037296295 -0.05372978746891021729 0.01872843503952026367 -0.00603254046291112900 -0.04085839539766311646 0.01882077008485794067 -0.00115904095582664013 0.03927132859826087952 0.01068713609129190445 -0.01763794012367725372 -0.00641898438334465027 -0.01757039129734039307 0.03763801977038383484 -0.02798542380332946777 -0.02725060284137725830 0.04747478663921356201 
0.99999988079071044922 -0.35583016276359558105 -0.40734618902206420898 0.45377913117408752441 -0.19846972823143005371 -0.08484873175621032715 0.13940230011940002441 0.01136317942291498184 -0.05193500965833663940 0.00815210305154323578 0.02690040506422519684 -0.05399227887392044067 -0.01898333430290222168 0.02111405134201049805 0.05297166481614112854 -0.03156930208206176758 -0.00184884853661060333 0.03086428716778755188 -0.06944744288921356201 0.03738220036029815674 0.02114100754261016846 -0.04316675662994384766 0.02406949363648891449 0.00384343019686639309 0.00181941362097859383 
1.00000000000000000000 -0.28080540895462036133 -0.44956171512603759766 0.37484726309776306152 -0.12845820188522338867 -0.07283930480480194092 0.09821403026580810547 -0.00990888476371765137 0.02808706276118755341 0.04288703575730323792 -0.08977811038494110107 -0.04054233431816101074 0.07672267407178878784 -0.04481910169124603271 0.00273445970378816128 0.02111430466175079346 -0.02319586277008056641 0.02791538089513778687 -0.01708332449197769165 -0.01443926617503166199 0.02927999384701251984 -0.02330145053565502167 -0.04873309284448623657 0.05509097501635551453 0.03425503894686698914 
0.99999994039535522461 0.82142037153244018555 0.46777081489562988281 0.14743247628211975098 -0.07599064707756042480 -0.23836269974708557129 -0.35238993167877197266 -0.38986271619796752930 -0.33608841896057128906 -0.26319882273674011230 -0.21308402717113494873 -0.18118830025196075439 -0.13742451369762420654 -0.08968301862478256226 -0.05697141587734222412 -0.04173746705055236816 -0.01114689465612173080 0.03994921594858169556 0.08464993536472320557 0.09788043797016143799 0.09234401583671569824 0.08087721467018127441 0.06826175004243850708 0.06105104088783264160 0.06885265558958053589 
0.99999976158142089844 0.81642079353332519531 0.43759626150131225586 0.09785682708024978638 -0.11404194682836532593 -0.24719780683517456055 -0.32991209626197814941 -0.34605237841606140137 -0.30012679100036621094 -0.24774609506130218506 -0.21223203837871551514 -0.18130062520503997803 -0.13254761695861816406 -0.09320022165775299072 -0.08332540094852447510 -0.06670629978179931641 0.00236923806369304657 0.10066562891006469727 0.15648859739303588867 0.14118798077106475830 0.09497950226068496704 0.05830870196223258972 0.03506025671958923340 0.01850329525768756866 0.01768330484628677368 
0.99999988079071044922 0.76093614101409912109 0.31222003698348999023 -0.00270736659877002239 -0.11831802874803543091 -0.14172676205635070801 -0.15784038603305816650 -0.18718627095222473145 -0.22874906659126281738 -0.28492057323455810547 -0.30183300375938415527 -0.24380145967006683350 -0.15196907520294189453 -0.10193496942520141602 -0.10784008353948593140 -0.10798603296279907227 -0.02761669270694255829 0.10870227217674255371 0.20780748128890991211 0.21450887620449066162 0.15351167321205139160 0.07747977226972579956 0.01822454854846000671 -0.01034760940819978714 -0.00421382300555706024 
0.99999988079071044922 0.78144454956054687500 0.38428983092308044434 0.09705430269241333008 -0.05363430082798004150 -0.14794020354747772217 -0.21824701130390167236 -0.24471165239810943604 -0.24337825179100036621 -0.25814619660377502441 -0.28621315956115722656 -0.29301628470420837402 -0.24737250804901123047 -0.17407177388668060303 -0.12110339105129241943 -0.08316922187805175781 0.00253692525438964367 0.13487845659255981445 0.23511531949043273926 0.24898941814899444580 0.19095084071159362793 0.11095499992370605469 0.03736287727952003479 -0.02443971671164035797 -0.05183122679591178894 
1.00000000000000000000 0.79196578264236450195 0.39539057016372680664 0.09125410765409469604 -0.05636762082576751709 -0.13772469758987426758 -0.22783385217189788818 -0.29349374771118164062 -0.30160781741142272949 -0.29130467772483825684 -0.28737941384315490723 -0.27053037285804748535 -0.21897669136524200439 -0.14812228083610534668 -0.08360682427883148193 -0.02793565392494201660 0.05033243820071220398 0.13515727221965789795 0.17737208306789398193 0.16777653992176055908 0.13537512719631195068 0.10560375452041625977 0.07372752577066421509 0.03307171911001205444 0.00091449730098247528 
0.99999994039535522461 0.67415016889572143555 0.15584774315357208252 -0.10103618353605270386 -0.17226590216159820557 -0.19318629801273345947 -0.18679562211036682129 -0.18506227433681488037 -0.20147798955440521240 -0.23545058071613311768 -0.24050132930278778076 -0.17060376703739166260 -0.03299055248498916626 0.11320165544748306274 0.20928946137428283691 0.17044432461261749268 -0.00474962359294295311 -0.18544600903987884521 -0.24419629573822021484 -0.17430160939693450928 -0.04826939478516578674 0.08057419210672378540 0.19102592766284942627 0.21906156837940216064 0.12718042731285095215 
1.00000000000000000000 0.69773149490356445312 0.19385930895805358887 -0.09023295342922210693 -0.17938178777694702148 -0.18549442291259765625 -0.14365521073341369629 -0.12350279837846755981 -0.17272846400737762451 -0.25495612621307373047 -0.28717312216758728027 -0.24137417972087860107 -0.11810415983200073242 0.05265972763299942017 0.17867961525917053223 0.14737370610237121582 -0.01797880232334136963 -0.18907460570335388184 -0.24999687075614929199 -0.17868831753730773926 -0.02684847265481948853 0.14283195137977600098 0.26027840375900268555 0.25769329071044921875 0.14696118235588073730 
1.00000000000000000000 0.66353505849838256836 0.13772128522396087646 -0.10490733385086059570 -0.15631407499313354492 -0.15713664889335632324 -0.14886990189552307129 -0.16913186013698577881 -0.19655743241310119629 -0.22353173792362213135 -0.23576912283897399902 -0.20568169653415679932 -0.09970762580633163452 0.07188642024993896484 0.19806757569313049316 0.14998620748519897461 -0.02774958871304988861 -0.18049834668636322021 -0.21414665877819061279 -0.14498625695705413818 -0.03432001173496246338 0.09352812170982360840 0.20942567288875579834 0.23438945412635803223 0.14315013587474822998 
1.00000023841857910156 0.66361188888549804688 0.14033442735671997070 -0.09725051373243331909 -0.14162392914295196533 -0.14639917016029357910 -0.15187615156173706055 -0.17964564263820648193 -0.21351985633373260498 -0.23553098738193511963 -0.23132735490798950195 -0.19572943449020385742 -0.09567220509052276611 0.06485827267169952393 0.18456596136093139648 0.13682828843593597412 -0.03203869238495826721 -0.17160205543041229248 -0.19778606295585632324 -0.12943121790885925293 -0.02769095636904239655 0.08311928808689117432 0.18926607072353363037 0.22228974103927612305 0.14758439362049102783 
1.00000011920928955078 0.67814403772354125977 0.16855135560035705566 -0.08054170012474060059 -0.14486671984195709229 -0.15584097802639007568 -0.14031042158603668213 -0.15121902525424957275 -0.20196846127510070801 -0.26244741678237915039 -0.27296328544616699219 -0.22707542777061462402 -0.11560120433568954468 0.05645203962922096252 0.18566474318504333496 0.13875468075275421143 -0.03927677869796752930 -0.19054251909255981445 -0.21523939073085784912 -0.12930792570114135742 -0.00336338207125663757 0.11940538883209228516 0.21128174662590026855 0.22051927447319030762 0.13800722360610961914 
